M00002_E47	2	3	4	5	6	7	8	9	10	11
M00005_AP-4	12	13	14	15	16
M00007_Elk-1	22	23	24	25
M00008_Sp1	26	27	28	29	30	31	32	34	35
M00011_Evi-1	45	48
M00017_ATF	53	56	57	58	59	60	61	62	63	64	65	66	67	68	69	70	71	72	73	74	75	76	77
M00023_HOXA5	78	79	80	81	82	83	84	85	86	87
M00024_E2F	88	89	90	91	92
M00025_Elk-1	93	94	95	96	97	98	99	100	101	102	103	104	105	106	107	108	109	110	111	112	113	114	115	116	117	118	119	120	121	122	123
M00026_RSRFC4	124	125	126	127	128	129	130	131	132	133	134	135	136	137	138	139	140	141	142	143	144	145	146	147	148	149	150	151	152	153	154	155	156	157	158	159	160	161
M00032_c-Ets-1	162	164	165	168	169	170	171	172	173	174	175	176
M00033_p300	177	178	179	180	181	182	183	184	185	186	187	188	189	190	191	192
M00034_p53	193	194	195	196	197	198	199	200	201	202	203	204	205	206	207	208	209
M00037_NF-E2	213	214	216	217	218
M00042_Sox5	219	220	221	222	223	224	225	226	229	230	232	233	234	235	236	237	238	239	240	241
M00045_E4BP4	242	243	244	245	246	247	248	249	250	251	252	253	254	255	256	257	258	259	260	261	262	263	264
M00051_NF-kappaB1	278	281	282	283	288	290	292	294
M00052_RelA	296	297	299	300	302	303	304	310	311	312
M00053_c-Rel	313	315	316	317	318	320	321	322	323	324	326	327	328	329
M00054_NF-kappaB	332	333	337	341	342	343	345	346	348	349	350	352	356
M00056_NF-1	370	371	372	373	374	375	376	377
M00057_COMP1	378	379	380	381	382	383	384
M00059_YY1	385	386	387	388	389	390	391	392	393	394	395	396	397	398	399	400	401	402
M00062_IRF-1	403	405	406	408	409	411	413	414	415	418	419	421	423
M00063_IRF-2	428	430	433	435	436	437
M00069_YY1	439	440	441	442	443	444	445	446	447	448	449
M00072_CP2	450	451	452	453	454	455
M00078_Evi-1	456	457	458	459	460	461	462	463	464	465	466	467	468
M00079_Evi-1	469	472	473	474	475
M00080_Evi-1	486	487
M00081_Evi-1	510	511	512	514	515	516	517
M00082_Evi-1	529	532	533	534
M00083_MZF-1	537	538	540	542	546	549	553	554	555	556
M00084_MZF-1	557	558	559	560	561	562	563	564	565	566	567	568	569	570	571	572
M00085_ZID	573	574	575	576	577	578	579	580	581	582	583	584	585	586	587	588	589	590	591	592	593	594	595	596	597	598	599	600	601	602	603	604	605	606	607
M00095_CUTL1	608	609	610	611	612	613	614	615	616	617	618	619	620	621	622	623	624	625
M00096_Pbx1a	629	632	633	634	635	636	637	638	639	640	641
M00097_Pax-6	642	643	644	645	646	647	648	649	650	651	652	653	654	655	656	657	658	659	660	661	662	663	664	665	666	667	668	669	670	671	672	673	674	675	676	677	678	679	680	681	682	683	684	685	686	687	688
M00098_Pax-2	689	690	691	692	693	694	695	696	697	698	699	700	701	702	703	704	705	706	707	708	709	710	711	712	713	714	715	716	717	718	719	720
M00099_S8	721	722	723	724	725	726	727	728	729	730	731	732	733	734	735	736	737	738	739	740	741	742	743	744	745	746	747	748	749	750	751	752	753	754	755	756	757	759	760	761	762	763	764	766	767	768	769	770	771	772	773	774	775	776	777	778	779
M00104_CUTL1	781	783	785	786	787	788	790	791	792	793	794	795	796	797	798	799	800	802	803	804	805	806	807	808	809	810	811
M00105_CUTL1	812	813	814	815	816	817	818	819	820	821	822	823	824	825	826	827	828	829	830	831	832	833	834	835
M00106_CUTL1	836	837	838	840	842	843	844	845	846	847	848	849	850	851	853	854	855	856	857	858	859	860	861	862	863	864	865	866	867	868
M00108_NRF-2	869	870	871	872
M00109_C/EBPbeta	876	877	878	879	880	881	882	883	884	885	886	887	888	889	890	891	892	893	894	895	896
M00113_CREB	897	898	899	900	901	902	903	904	905	906	907	908	909	910	911	912
M00114_CREB	913	914	915	916	917	918	919	920	921	922	923	924	925	926	927	928	929
M00115_CREB	930	931	932	933	934
M00117_C/EBPbeta	935	936	938	939	940	941	942	943	944	945	946	947	948	949	950	951
M00124_Pbx1a	952	953	954	955	956	957	958	959	960	961	962	963	964	965	966	967	968	969	970	971	972	973	974	975	976	977	978	979	980	981	982	983	984	985	986	987	988	989	990	991
M00129_HFH-1	992	993	994	995	996	997	998	999	1000	1001	1002	1003	1004	1005
M00130_FOXD3	1006	1007	1008	1009	1010	1011	1012	1013	1014	1015	1016	1017	1018	1019	1020	1021	1023	1024	1025	1026	1027	1028	1029	1030	1032	1033	1034	1035	1036	1037
M00133_POU3F1	1038	1039	1040	1041	1042	1043
M00135_POU2F1	1044	1045	1046	1047	1048	1049	1050	1051	1052	1053	1054	1055	1056	1057	1058	1059	1060	1061	1062	1063	1064	1065	1066	1067	1068	1069	1070	1071	1072	1073	1074	1075	1076	1077	1078	1079	1080	1081	1082	1083	1084	1085	1086	1087	1088	1089	1090	1091	1092	1093	1094	1095	1096	1097	1098	1099
M00137_POU2F1	1100	1101	1102	1103	1104	1105	1106	1107	1108	1109	1110	1111	1113	1114	1115	1116	1117	1118	1119	1120	1121	1122	1123	1124	1125	1126	1127	1128	1129	1130	1131	1132	1133	1134	1135	1136	1137	1138	1139	1140	1141	1142	1143	1144	1145	1146	1147	1148	1149	1150
M00141_LyF-1	1151	1152	1153	1154	1155	1157	1158	1159	1160	1161
M00143_Pax-5	1162	1163	1164	1165	1166	1167	1168
M00144_Pax-5	1169	1170	1171	1172	1173
M00145_POU3F2	1174	1175	1176	1177	1178	1179	1180	1181	1182	1183	1184	1185
M00148_SRY	1196
M00150_Brachyury	1209	1210	1211	1212	1213	1214	1215	1216	1217	1218	1219	1220	1221	1222	1223	1224	1225	1226	1227	1228	1229	1230	1231	1232	1233	1234	1235	1236	1237	1238	1239	1240	1241	1242	1243	1244	1245	1246	1247	1248
M00155_COUP-TF2	1249	1252	1253	1255
M00156_RORalpha1	1256	1257	1258	1259	1260	1261	1262	1263	1264	1266	1267	1268	1269	1270	1271	1272	1273	1274	1275	1276	1277	1278	1279	1280
M00157_RORalpha2	1282	1283	1284	1285	1286	1287	1288	1289	1290	1291	1292	1293	1294	1295	1296	1297	1298	1299	1300	1301	1302	1303	1304	1305	1306	1308	1309	1310	1311	1312	1313	1314	1315	1316
M00158_COUP	1317	1318	1319	1320	1323	1324	1325	1327	1328	1329
M00160_SRY	1330	1331	1332	1333	1334	1335	1336	1337	1338	1339	1340	1341	1342	1343	1344	1345	1346	1347	1348	1349	1350	1351	1352	1353	1354	1355	1356	1357	1358
M00161_POU2F1	1360	1361	1362	1363	1364	1365
M00162_POU2F1	1366	1367	1368	1369	1370	1371
M00223_STAT1alpha	1374	1375	1376	1378	1379	1384
M00235_AhR	1386	1387	1388	1389	1390	1391	1392	1393	1394	1395	1396	1397	1398	1399	1400	1401	1402	1404	1405	1406	1407	1408
M00237_AhR	1410	1411	1412	1413	1414	1415	1416	1417	1418	1419	1420	1421	1422	1423	1424	1425	1426	1427	1428	1429	1430	1431	1432	1433	1434
M00240_Nkx2-5	1440
M00241_Nkx2-5	1442	1445	1446
M00242_PPAR-alpha	1447	1448	1449	1450	1451	1452	1453
M00251_XBP-1	1454	1455	1456	1457	1458	1459	1460	1461	1462	1463	1464	1465	1466	1467	1468	1469	1470	1471	1472	1473	1474	1475	1476	1477	1478	1479	1480	1481	1482	1483	1484	1485	1486
M00257_RREB-1	1487	1488	1489	1490	1491	1492	1493	1494	1495	1496	1497
M00260_Hlf	1498	1499	1501	1502	1503	1504	1505	1506	1507	1508	1509	1511	1513	1514	1515
M00261_Olf-1	1516	1517	1518	1519	1520	1521	1522	1523
M00277_Lmo2	1581	1582	1583	1584	1585	1586	1587	1588	1589	1590	1591	1592	1593	1594	1595	1596	1597	1598	1599	1600	1601	1602	1603	1604	1605	1606	1607	1608	1609	1610	1611
M00278_Lmo2	1612	1613	1614	1615	1616	1617	1618	1619	1620	1621	1622	1623	1624	1625	1626	1627	1628	1629	1630	1631	1632	1633	1634	1635	1637	1638	1639	1640	1641	1642
M00328_Pax-8	1643	1644	1645	1646	1647	1648	1649	1650	1651	1652	1653	1654	1655	1656	1657	1658	1659	1660	1661	1662	1663	1664	1665
M00333_ZF5	1666	1667	1668	1669	1670	1671	1672	1673	1674	1675	1676	1677	1678	1679	1680	1681	1682
M00394_Msx-1	1683	1684	1685	1686	1687	1688	1690	1691	1692	1693	1694	1695
M00395_HOXA3	1696	1697	1699	1700	1701	1702	1703	1704	1705	1706	1707	1708	1709
M00405_aMEF-2	1720	1722	1723	1724	1725	1726	1727	1728	1729
M00406_MEF-2A	1732	1733	1734	1740
M00407_RSRFC4	1741	1742	1743	1744	1745	1746	1747	1748	1749	1750	1751	1752	1753	1754	1755	1756	1757	1758	1759	1760	1761	1762	1763	1764	1765	1766	1767
M00410_Sox9	1768	1769	1770	1771	1772	1773	1774	1775	1776	1777	1778	1779	1780	1781	1782	1783	1784	1785	1786	1787	1788	1789	1790	1791	1792	1793	1794	1795	1796	1797	1798	1799	1800	1801	1802	1803	1804	1805	1806	1807	1808	1809	1810	1811	1812	1813	1814	1815	1816	1817	1818	1819	1820	1821	1822	1823	1824	1825	1826	1827	1828	1829	1830	1831	1832	1833	1834	1835	1836	1837	1838	1839	1840
M00411_HNF-4alpha1	1841	1842	1843	1844	1845	1846	1847	1848	1849	1850	1851	1852	1853	1854	1855	1856	1857	1858	1859
M00412_ZEB_(1124_AA)	1860	1861	1862	1863	1864	1865	1866	1867	1868	1869	1870	1871
M00413_ZEB_(1124_AA)	1872	1873	1874	1875	1876	1877	1878	1879	1880	1881	1882	1883	1884	1885	1886	1887	1888
M00414_ZEB_(1124_AA)	1889	1890	1891	1892	1893	1894	1895	1896	1897	1898	1899	1900
M00415_ZEB_(1124_AA)	1901	1902	1903	1905	1906	1907	1908	1909	1910	1911	1912
M00423_FOXJ2	1913	1914	1915	1916	1917	1918
M00432_Nkx2-1	1922
M00433_Nkx5-1	1926	1927	1928	1929	1930	1931	1932	1933	1934	1935	1936
M00436_IPF1	1937	1938	1939	1940	1941	1942
M00437_Chx10	1943	1944	1945	1946	1947	1948	1949	1950	1951	1952	1953	1954	1955	1956	1957	1958	1959	1960	1961	1962
M00444_VDR	1963	1964	1965	1966	1967	1968	1969	1970	1971	1972	1973	1974
M00446_Spz1	1975	1976	1977	1978	1979	1980	1981	1982	1983	1984	1985	1986	1987	1988	1989	1990	1991	1992	1993	1994	1995	1996	1997	1998	1999	2000	2001	2002	2003	2004
M00447_AR	2005	2006	2007	2008	2009	2010	2011
M00448_Zic1	2012	2013	2014	2015	2016	2017	2020	2021	2022	2023	2024	2025	2026	2027	2030	2031	2033	2034	2035	2036	2038	2039	2040	2041
M00449_ZIC2	2042	2043	2044	2045	2048	2049	2051	2052	2053	2054	2055	2056	2057	2058	2059	2060	2061	2065	2066	2067	2068	2069	2070	2071
M00450_Zic3	2074	2075	2077	2079	2080	2081	2082	2083	2084	2085	2087	2088	2090	2091	2093	2094	2095	2096	2097	2098	2099	2100	2101	2102	2103	2104	2105	2106
M00451_Nkx3-1	2107	2108	2109	2110	2111	2112	2113	2114	2115	2116	2117	2118	2119	2120	2121	2122	2123	2124	2125
M00453_IRF-7A	2126	2127	2128	2129	2130	2131	2132	2133	2134	2135	2136	2137	2138	2139	2140	2141	2142	2143	2144	2145	2146	2147	2148	2149	2150	2151	2152	2153
M00454_MRF-2	2154	2155	2156	2157	2158	2159	2160	2161	2162	2163	2164	2165	2166	2167	2168
M00456_FAC1	2169	2170	2171	2172	2173	2174	2175	2176	2177	2178	2179	2180	2181	2182	2183	2184	2185	2186	2187	2188	2189	2190	2191	2192
M00457_STAT5A	2193	2194	2196	2197	2198	2199	2200	2201	2202	2203	2204	2205	2206	2207	2208	2209	2210	2211	2212	2213	2214	2215	2216	2217	2218	2219	2220	2221	2222	2223	2224	2225
M00459_STAT5A	2226	2227	2228	2229	2230	2231	2232	2233	2234	2235	2236	2237	2238	2239	2240	2241	2242	2243	2244	2245	2246	2247	2248	2249	2250	2251	2252	2253	2254	2255	2256	2257	2258	2259	2260	2261	2262	2263	2264	2265	2266	2267	2268	2269	2270	2271
M00460_STAT5A	2272	2273	2274	2275	2276	2277	2278	2279	2280	2281	2282	2283	2284	2285	2286	2287	2288	2289	2290	2291	2292	2293	2294	2295	2296	2297	2298	2299	2300	2301	2302	2303	2304	2305	2306	2307	2308
M00463_POU3F2	2309	2310	2311	2312	2313	2314	2315	2316	2317	2318	2319	2320	2321	2322	2323	2324	2325
M00464_POU3F2	2328	2329	2330
M00465_POU6F1_(c2)	2333	2334	2337	2339	2340	2341	2342	2343	2344	2346	2347	2348
M00467_Roaz	2360	2361	2362	2363	2364	2365	2366	2367	2368	2369	2370	2371	2372	2373
M00471_TBP	2377	2378	2382	2384	2386	2388	2390	2391	2395	2397	2400	2401	2402	2403	2406	2413	2414	2415	2417
M00472_FOXO4	2421	2422	2423	2424	2425	2427	2428	2429	2430	2431	2432	2433	2434	2435	2436	2437	2438	2439	2440	2441	2442	2443	2444	2445	2446	2447	2448	2449	2450
M00474_FOXO1	2451	2452	2453	2454	2455	2456	2457	2458	2459	2460	2461	2462	2463	2464	2465	2466	2467	2468	2469	2470	2471
M00478_Cdc5	2472	2473	2474	2475	2476	2477	2478	2479	2480	2481
M00480_LUN-1	2482	2483	2484	2485	2486	2487	2488	2489	2490	2491	2492	2493	2494	2495	2496	2497	2498	2499	2500	2501	2502	2503	2504	2505
M00481_AR	2506	2507	2508	2509	2510	2511	2512	2513	2514	2515	2516	2517	2518	2519	2520	2521	2522	2523	2524	2525	2526	2527	2528	2529	2530	2531	2532	2533	2534
M00482_Pitx2	2535	2536	2537	2538	2539	2542	2543
M00484_NCX	2564	2565	2566	2567	2568	2569	2570	2571	2573	2574	2575	2576	2577	2578	2579	2580	2581	2582	2583	2584	2585	2586	2587	2588	2589	2591	2592	2593	2594	2595	2596	2597	2598	2599	2600	2601	2602	2603
M00485_Nkx2-2	2605	2606	2608	2609	2610	2611	2612	2613	2617	2618	2619	2620	2621	2622	2624	2626
M00486_Pax-2	2627	2628	2629	2630	2631	2632	2633	2634	2635	2636	2637	2638	2639	2640	2641	2642	2643	2644	2645	2646	2647	2649	2650	2651	2652	2653	2654	2655	2656	2657	2658	2659	2660	2662	2663
M00489_Nkx6-2	2664	2665	2666	2667	2668	2669	2670
M00510_Lhx3a	2671	2672	2673	2674	2675	2676	2679	2680	2681	2683	2685	2687	2688	2689	2690	2691	2692	2694	2695	2696	2697	2698	2699	2700	2701	2702	2704	2705	2706	2707	2708	2709	2710
M00511_ERR1	2711	2712	2713	2714	2715	2716	2717	2718	2719	2720	2721	2722	2723	2724	2725	2726	2727	2728	2729	2730	2731	2732	2733	2734	2735
M00513_ATF3	2737	2742	2743	2744	2745
M00514_ATF4	2747	2749	2750	2752
M00518_PPAR-alpha	2753	2754	2755	2756	2757	2758	2759	2760	2761	2762	2763	2764	2765	2766	2767	2768	2769	2770	2771
M00531_NERF-1a	2772	2773	2774	2775	2776	2777
M00538_HTF	2778	2779	2780	2781	2782	2783	2784	2785	2786	2787	2788	2789	2790	2791	2792	2793	2794	2795	2796	2797	2798	2799	2800	2801	2802	2803	2804	2805	2806	2807
M00616_AFP1	2808	2809	2811	2812
M00619_Alx-4	2813	2814	2815	2816	2817
M00621_C/EBPdelta	2818	2819	2820	2821	2823	2824	2826	2827	2828	2829	2830	2831	2832	2833
M00622_C/EBPgamma	2834	2835	2836	2837	2838	2839
M00623_Crx	2841	2842	2843	2844	2845	2846	2847	2848	2849	2850	2851	2852	2853	2854	2855	2856	2857	2858	2859	2860	2861	2862	2863	2864	2865	2866
M00624_DBP	2867	2873	2877	2878	2879	2881
M00626_RFX1	2882	2883	2884	2885	2886	2887
M00630_FOXM1	2888	2889	2890	2891	2892
M00631_FXR	2894	2895	2896	2897	2898
M00632_GATA-4	2899	2900	2901	2902	2903	2904	2905
M00634_GCMa	2906	2907	2908	2909	2910	2911	2912
M00638_HNF-4	2913	2914	2915	2916	2918	2919	2920	2921	2922	2923
M00639_HNF-6	2925	2926	2927	2928	2929	2930	2931	2933	2934	2935	2936
M00641_HSF	2937	2939	2941
M00644_LBP-1	2944
M00647_LXR-alpha	2947	2948	2949	2950	2951	2952	2953	2954
M00648_MAF	2955	2956	2957	2958	2959
M00649_MAZ	2967
M00650_MTF-1	2972	2973	2974	2975	2976	2977	2978	2979	2980	2981	2982	2983
M00651_NF-muE1	2989	2990
M00652_NRF-1	2991	2992	2993	2994	2995	2996	2997
M00657_PTF1-beta	3008	3009	3010	3011	3012	3013	3014
M00658_PU.1	3015	3020	3022	3024	3027	3028
M00665_Sp3	3029	3030	3031	3032	3033	3034
M00671_TCF-4	3037
M00672_TEF	3041	3042	3043	3044	3045
M00678_Tel-2a	3046	3050
M00684_XPF-1	3051	3052	3053	3054	3055
M00687_NF-Y	3056	3057	3058	3059	3060	3061	3062
M00691_ATF-1	3065	3069	3070	3071
M00693_E12	3073	3076	3079
M00694_E4F1	3084	3086
M00695_ETF	3094
M00699_IRF-8	3106	3107	3108	3109	3110	3111	3112
M00701_Smad3	3113	3114	3115	3116	3117	3118	3119	3120	3121
M00706_TFII-I	3127
M00707_TFIIA	3132	3133	3134	3135	3136
M00712_myogenin	3143	3144
M00716_ZF5	3149	3150	3155	3159	3161	3163	3164
M00717_Pax-8	3165	3170	3172	3173	3174	3179	3188	3194	3196	3198	3199
M00720_CAC-binding_protein	3205
M00721_CACCC-binding_factor	3207	3208	3209	3210	3211	3212	3213
M00722_core-binding_factor	3215	3216	3218
M00724_HNF-3alpha	3224	3226	3230	3231	3233	3234	3235	3236	3237	3238	3256	3259	3261
M00725_HP1_site_factor	3263	3267
M00727_SF-1	3275	3276	3278	3280
M00729_Cdx-2	3282	3283	3284	3285	3286	3287	3288	3289	3290
M00731_AML3	3292	3299
M00733_Smad4	3301	3302	3303	3304	3305	3306	3307	3308	3309	3310
M00734_CIZ6-1	3311	3313	3314	3316	3317	3318	3319	3320	3321	3322	3323	3324	3325	3326	3327	3328	3329	3330	3331	3332	3333	3334	3335	3337	3338	3339	3340	3341	3342	3343	3344	3345	3346	3347	3348	3349
M00736_E2F-1:DP-1	3354	3360	3370	3374
M00737_E2F-1:DP-2	3378	3379	3391
M00738_E2F-4:DP-1	3401
M00739_E2F-4:DP-2	3452
M00744_POU1F1	3519	3521	3522	3523	3524	3526	3527	3530	3531	3532	3533
M00746_ELF-1	3536	3537	3538	3539	3540	3541	3542	3543
M00761_DeltaNp63alpha	3587	3589	3590	3591	3592	3593	3594	3595	3596	3598	3599	3600	3601	3602	3603	3604	3605	3606	3607	3608	3609
M00762_COUP	3611	3614	3615	3618	3620	3621	3623	3624	3625	3627	3628	3630	3632
M00763_PPAR-alpha	3641	3642	3643	3645	3647	3648	3649	3650	3651	3652	3654	3655	3656	3657
M00764_HNF-4	3661	3663	3666	3668	3669	3670
M00765_COUP	3675	3676
M00769_AML1	3689	3690	3691	3692	3693	3694	3695	3696	3697	3698	3699	3700	3701	3702	3703	3704	3705
M00770_ANF-2	3706	3707	3709	3710	3712	3714	3715	3716	3717	3718	3719	3720	3721	3722	3729	3730	3731	3732	3733	3734	3735	3737	3739	3741	3742	3743	3744	3745	3746	3747	3748	3749	3750	3751	3752	3753	3754	3755	3756	3757	3758	3759	3760	3761	3762	3763	3764	3765	3766	3767	3768	3769	3770	3771	3772	3773	3774	3775	3776	3777	3778	3779	3780	3781	3782	3784	3785	3786	3787	3788	3789	3790	3791	3792	3793	3794	3795	3796	3797	3798	3799	3800	3801	3802	3803	3804	3805	3806	3807	3808	3809	3810	3811	3812	3813	3814	3815	3817	3819	3820	3821	3822	3823	3824	3826	3827	3828	3829	3830	3832	3833	3834
M00771_c-Ets-1	3835	3836	3837	3838	3839	3840	3841	3842	3843	3844	3845	3846	3847	3848	3849	3850	3851	3852	3853	3854	3855	3856	3857	3858	3859	3860	3861	3862	3863	3864	3865	3866	3867	3868	3869	3870	3871	3872	3873	3874	3875	3876	3877	3878	3879	3880
M00772_IRF-1	3881	3882	3883	3884	3885	3886	3887	3888	3889	3890	3891	3892	3893	3894	3895	3896	3897	3898	3899	3900	3901	3902	3903	3904	3905	3906
M00773_c-Myb	3907	3908	3909	3910	3911	3912	3913	3914	3915	3916	3917	3918	3919	3920	3921	3922	3923	3924	3925	3926	3927	3928	3929	3930	3931
M00774_NF-kappaB	3932	3933	3934	3935	3936	3937	3938	3939	3940	3941	3942	3943	3944	3945	3946	3947	3948	3949	3950	3951	3952	3953	3954	3955	3956	3957	3958	3959	3960	3961	3962	3963	3964	3965	3966	3967	3968	3969	3970	3971	3972	3973	3974	3975	3976	3977	3978	3979	3980	3981	3982	3983	3984	3985	3986	3987	3988	3989	3990	3991	3992	3993	3994	3995	3996	3997	3998	3999	4000	4001	4002
M00775_CBF(2)	4003	4004	4005	4006	4007	4008	4009	4010	4011	4012	4013	4014	4015	4016	4017	4018	4019	4020	4021	4022	4023	4024	4025	4026	4027	4028	4029	4030	4031	4032	4033	4034	4035	4036	4037	4038	4039	4040	4041	4042	4043
M00776_SREBP-1	4044	4045	4046	4047	4048	4049	4050	4051	4052	4053	4054
M00777_STAT1	4055	4056	4057	4058	4059	4060	4061	4062	4063	4064	4065	4066	4067	4068	4069	4070	4071	4072	4073	4074	4075	4076	4077	4078	4079	4080
M00778_AhR	4082	4083	4085	4086	4087	4088	4089	4090	4092	4093	4094	4095	4096	4097	4098	4099	4100	4101	4102	4103	4104	4105
M00790_HNF-1alpha	4107	4108	4109	4110	4111	4112	4113	4114	4115	4116	4117	4118	4119	4120	4121	4122	4123	4124	4125	4126	4127	4128	4129	4130	4132	4133	4134	4135	4136	4137	4138
M00791_HNF-3	4140	4141	4142	4143	4144	4145	4146	4147	4148	4149	4150	4151	4152	4153	4154	4155	4156	4157	4158	4159	4160	4161	4162	4163	4164	4165	4166	4167	4168	4169	4170	4171	4172	4173	4174	4175	4176	4177	4178
M00792_Smad1	4179	4180	4181	4182	4183	4184	4185	4186	4187	4188	4189	4190
M00794_Nkx2-1	4191	4192	4193	4194	4195	4196	4197	4198	4199	4200	4201	4202	4203	4204	4205	4206	4207	4208	4209	4210	4211	4212	4213	4214	4215	4216	4217	4218	4219	4220	4221
M00795_OCA-B	4227	4233	4239	4252	4254	4259	4263	4267	4270	4271	4275
M00796_USF	4277	4278	4279	4280	4281	4282	4283	4284	4285	4286	4287	4288	4289	4290	4291	4292	4293	4294	4295	4296	4297	4298	4299	4300	4301	4302	4303	4304	4305	4306	4307	4308	4309	4310	4311	4312
M00797_HIF-1	4313	4314	4315	4316	4317	4318	4319	4320	4321	4322	4323	4324	4325	4326	4327	4328	4329	4330	4331	4332	4333
M00800_AP-2	4355	4356	4357	4358	4359	4360	4361	4362	4363	4364	4365	4366	4367	4368	4369	4370	4371
M00802_POU1F1	4425	4426	4427	4428	4429	4430	4431	4432	4433	4434	4435	4436	4437	4438	4439	4440	4441
M00804_E12	4457	4458	4459	4460	4461	4462	4463	4464	4465	4466	4467	4468	4469
M00806_CTF	4483	4484	4485	4486	4487	4488	4489	4490	4491	4492	4493	4494	4495	4496	4497	4498	4499	4500	4501	4502	4503	4504	4505	4506	4507	4508	4509	4510	4511	4512	4513	4514	4515	4516	4517	4518	4519	4520	4521	4522	4523	4524	4525	4526	4527	4528	4529	4530	4531	4532	4533	4534	4535	4536	4537	4538	4539	4540	4541	4542	4543	4544	4545	4546	4547	4548	4549	4550	4551	4552	4553	4554	4555	4556	4557	4558	4559	4560	4561
M00807_Egr-1	4562	4564	4565	4566	4567	4569	4570
M00808_Pax-1	4571	4572	4573	4574	4575	4576	4578	4579	4580	4581	4582	4583	4584	4585	4586	4587	4588	4589
M00809_FOXC2	4594	4595	4596	4597	4598	4600	4601	4602	4603
M00810_SRF	4604	4605	4606	4607	4608	4609	4610	4611	4612	4613	4614	4615	4616	4617	4618	4619	4620	4621	4622	4623	4624	4625	4626	4627	4628	4629	4630
M00821_Nrf2	4631	4632	4633	4634	4635	4636	4637	4638	4639	4640
M00912_C/EBPalpha	4641	4642	4643	4644	4645	4646	4647	4648	4649	4650	4651	4652	4653	4654	4655	4656	4657	4659	4660	4661	4662	4663	4664	4665	4666	4667	4668	4669	4670	4671	4674	4675	4676	4677	4678	4679	4680	4681	4682	4683	4684	4685	4686	4687	4688	4689	4690	4691	4692	4693	4694	4695	4696	4697	4700	4701	4702	4703	4704	4705	4706	4707	4708	4711	4712	4713	4714	4715	4716	4717	4718	4719	4720	4721	4722	4723	4724	4725	4726	4727	4728	4729
M00913_B-Myb	4730	4731	4732	4734	4735	4736	4737	4738	4739	4740	4742	4743	4744	4745	4746	4747	4748	4749	4750	4751	4752	4753	4755
M00915_AP-2	4756	4757	4758	4759	4760	4761	4762	4763	4764	4765	4766	4767	4768	4769	4770	4771	4772	4773	4774	4775	4776	4777	4778	4779
M00916_CREB	4780	4781	4782	4783	4784	4785	4786	4787	4788	4789	4790	4791	4792	4793	4794	4795	4796	4797	4798	4799	4800	4801	4802	4803	4804	4805	4806	4807
M00917_CREB	4808	4809	4812	4815	4821	4823	4824	4825	4826	4827	4828	4829	4830	4831	4832	4833	4834	4835	4836	4837	4838	4839	4840	4841	4842	4844	4845	4846	4847
M00919_DP-1	4885	4897
M00920_DP-1	4907	4909	4910	4911	4912	4914	4915	4917	4918	4919	4920	4921	4922	4924	4925	4926	4927	4928	4929	4930	4931	4932	4935	4937	4939	4940	4941	4942
M00921_GR	4945	4949	4951	4952	4960	4963	4966	4968	4970	4971	4974	4975	4976	4979	4980	4982
M00922_SRF	4983	4985	4989	4990	4991	4992	5000	5009
M00924_AP-1	5012	5013	5014	5015	5016	5018	5020	5022	5023	5024	5025	5026	5027	5028	5029	5030	5031	5032	5033	5034	5035	5037	5038	5039	5040	5041	5042	5043	5044	5045	5046	5047	5048	5049	5050	5051	5052	5053	5054	5056	5057
M00925_AP-1	5059	5062	5064	5068	5071	5072	5073	5075	5076	5078	5080	5081	5082	5084	5085	5086	5089	5091	5092	5093	5094	5095	5097	5099	5100	5101	5103	5105	5106	5108	5110	5111	5112	5113	5115	5116	5117	5118	5119	5120	5122	5123	5124	5127	5130	5131	5132	5133	5134	5135	5137	5139	5141	5142	5143	5149	5150	5152	5153	5154	5156	5157	5160	5162	5164	5165	5166	5167	5169	5170	5172	5173	5174	5175	5177	5178	5179	5180	5181	5182	5184	5185	5186
M00926_AP-1	5202	5204	5219	5220	5222	5223	5229	5232	5235	5236	5241	5242	5252	5254	5255	5258	5267	5268	5271	5279	5282	5283	5287	5295	5298	5299	5301	5302	5304
M00927_AP-4	5307	5312
M00929_E12	5314	5315	5316	5317	5318	5319	5320	5321	5322	5323	5324	5325	5326	5327	5328	5329	5330	5331
M00930_POU2F1	5358	5359	5361	5377	5378	5379	5380	5381
M00931_Sp1	5389	5392	5400	5402	5406	5415	5418	5420	5421	5424	5425	5433	5434	5436	5437	5438	5439	5443	5455	5462	5477	5479	5482	5484	5495	5511	5512	5525	5531	5532	5552	5569	5572	5573	5575	5576	5580	5595	5610	5611
M00932_Sp1	5621	5622	5623	5624	5625	5626	5627	5628	5629	5630	5631	5632	5633	5634	5635	5636	5637	5638	5639	5640	5641	5642	5643	5644	5645	5646	5647	5648	5649	5650	5651	5652	5653	5654	5655	5656	5657	5658	5659	5660	5661	5662	5663	5664	5665	5666	5667	5668	5669	5670	5671	5672	5673	5674	5675	5676	5677	5678	5679	5680	5681	5682	5683	5684	5685	5686	5687	5688	5689	5690	5691	5692	5693	5694	5695	5696	5697	5698	5699	5700	5701	5702	5703	5704	5705	5706	5707	5708	5709	5710	5711	5712	5713	5714	5715	5716	5717	5718	5719	5720	5721	5722	5723	5724	5725	5726	5727	5728	5729	5730	5731	5732	5733	5734	5735	5736	5737	5738	5739	5740	5741	5742	5743	5744	5745	5746	5747	5748	5749	5750	5751	5752	5753	5754	5755	5756	5757	5758	5759	5760	5761	5762	5763	5764	5766	5767	5768	5769	5770	5771	5772	5773	5774	5775	5776	5777	5778	5779	5780	5781	5782	5783	5784	5785	5786	5787	5788	5789	5790
M00933_Sp1	5791	5792	5793	5794	5795	5796	5797	5798	5799	5800	5802	5803	5804	5806	5807	5808	5809	5810	5811	5812	5813	5814	5815	5816	5817	5818	5819	5820	5821	5822	5823	5824	5825	5826	5827	5828	5829	5830	5831	5833	5834	5835	5836	5837	5838	5839	5840	5841	5842	5844	5845	5846	5847	5848	5849	5850	5851	5852	5853	5854	5855	5856	5857	5858	5859	5860	5861	5862	5863	5864	5865	5866	5867	5868	5869	5870	5871	5872	5873	5874	5876	5877	5878	5879	5880	5881	5882	5883	5884	5885	5886	5887	5888	5889	5890	5891	5892	5893
M00935_NF-AT1	5894	5895	5896	5897	5898	5899	5900	5901	5902	5903	5904	5905	5908	5909	5910	5911	5912	5913	5914	5915	5918	5922	5923	5924
M00938_E2F-1	5925	5926	5927	5928	5929	5930	5931	5932	5933	5934	5935
M00939_DP-1	5944
M00940_E2F-1	5967	5968	5969	5970	5971	5972	5973	5974	5975	5976	5977	5978	5979	5980	5981	5982	5983	5984	5985
M00941_aMEF-2	5986	5987	5988	5990	5991	5992	5994	5995	5996	5997	5998
M00959_ER-alpha	5999	6000	6001	6002	6003	6004	6005	6006	6007	6008	6009	6010	6011	6012	6013	6014	6015	6016	6017	6018	6019	6020	6022	6023	6024	6025	6026	6027	6028	6029	6030	6031	6032	6033	6034	6035	6036	6037
M00960_GR	6038	6039	6040	6041	6042	6043	6044	6045	6046	6047	6048	6050	6051	6052	6053	6054	6055	6056	6057
M00961_VDR	6058	6060	6061	6062	6064	6066	6069	6070	6071	6072	6073	6074	6075	6076	6077	6078
M00962_AR	6079	6081	6082	6086	6087	6088	6090	6091	6092	6093	6094	6095	6098	6099	6100	6101	6102	6103	6104	6106	6107
M00963_RAR-alpha	6109	6110	6111	6112	6113	6114	6115	6117	6118	6119	6120	6121	6122	6123	6125	6126	6127	6128	6130	6131	6132	6133	6134	6135	6136	6137	6138	6140	6141	6142	6143	6144
M00964_CAR	6146	6147	6152	6153	6154	6155	6156	6157	6158	6159	6160	6161	6162	6163	6164	6165	6166	6167	6168	6169	6170	6171	6172	6173	6174	6175	6176	6177
M00965_CAR	6178	6179	6180	6181	6182	6183	6184	6185	6186	6187	6188	6189	6190	6191	6192	6193	6194	6195	6196
M00966_CAR	6197	6198	6199	6200	6201	6202	6203	6204	6205	6206	6207	6208	6209	6210
M00967_COUP	6213	6214	6216	6217	6218	6219	6220	6223	6225	6229	6233	6234	6235	6238	6239	6240	6242
M00971_c-Ets-1	6246	6247	6251	6252	6253	6259	6261	6265	6266	6267	6268	6284	6285	6287	6289	6310	6313	6325
M00972_IRF-1	6327	6328	6329	6330	6331	6333	6334	6335	6337	6338	6339	6340	6341	6342	6343	6344	6345	6347	6348	6350	6351	6352	6353	6354	6355	6356	6357	6358	6361
M00973_E12	6377	6379
M00974_Smad1	6386	6387	6388	6390	6391	6392	6393	6394	6395	6396	6397	6398	6399	6400	6401	6403
M00975_RFX1	6404	6405	6406	6407	6408	6409	6410	6411	6412	6413
M00976_AhR	6423	6453	6454	6455
M00977_COE1	6461	6465
M00978_LEF-1	6466	6467	6468	6469	6470	6471	6472	6473	6474	6475	6476	6477	6478	6479	6480	6481	6482	6483
M00979_Pax-6	6484	6485	6487	6488	6489	6490	6491	6492	6493	6494	6495	6496	6497	6498	6499	6500	6501	6502	6503	6504	6505
M00980_TBP	6507
M00981_120-kDa_CRE-binding_protein	6542	6551	6552	6557	6563	6568	6575	6576	6581
M00982_Egr-1	6586	6587	6588	6589	6590	6591	6592	6593	6594	6595	6596	6597	6598	6599	6600	6601	6602	6603	6604	6605	6606	6607	6608
M00983_Bach1	6610	6611	6612	6613	6615	6618	6619	6620	6621	6622	6623	6626	6634
M00984_AML1	6635	6636	6637	6638	6639	6640	6641	6642	6643	6644	6645	6646	6647	6648	6649
M00985_Stra13	6650	6651	6652	6653	6654	6655	6656	6657	6658	6659	6660	6661	6662	6663	6664	6665	6666	6667	6668	6669	6670	6671	6672
M00987_FOXP1a	6673	6674	6675	6676	6677	6678	6679	6680	6681	6682	6683	6684	6685	6686	6687	6688	6689	6690	6691	6692	6693	6694	6695	6696	6697	6698	6699	6700	6701	6702	6703	6704	6705	6706	6707	6708	6709	6710	6711	6712	6713	6714	6715	6716	6717	6718	6719	6720	6721	6722	6723	6724	6725	6726	6727	6728	6729	6730	6731	6732	6733	6734	6735	6736	6737	6738	6739	6740	6741	6742	6743	6744	6745	6746	6747	6748
M00992_FOXP3	6749	6750	6751	6752	6753
M00993_Tal-1	6755	6756	6757	6758
M00997_BHLHB2	6759	6760	6761	6762	6763
M00998_Pbx	6764	6765	6766	6767	6768	6769	6770	6771	6772
M00999_AIRE	6773	6774	6775	6776	6777	6778	6779	6780	6781	6782	6783	6784	6785	6786	6787	6788	6789	6790	6791	6792	6793	6794	6795	6796	6797	6798	6799	6800	6801	6802	6803	6804
M01000_AIRE	6805	6806	6807	6808	6809	6810	6811	6812	6813	6814	6815	6816	6817	6818	6819	6820	6821	6822	6823	6824	6825	6826	6827	6828	6829	6830	6831	6832	6833	6834	6835	6836
M01001_DEAF-1	6837	6838	6840	6841	6842	6843	6844	6845	6846	6847	6848	6849	6850	6851	6852	6853	6854	6855	6856	6857	6858	6859
M01002_DEAF-1	6860	6861	6862	6863	6865	6866	6867	6868	6869	6870	6871	6872	6873	6874	6875	6876	6877	6878	6879	6880
M01009_HES-1	6881	6882	6883	6884	6885	6886	6887	6888
M01010_HMG_I	6889	6890	6891	6892	6893	6894	6895	6896	6897	6898	6899	6900	6901	6902	6903	6904	6905	6906	6907	6908	6909	6910	6911	6912	6913
M01011_HNF-1alpha	6914	6915	6916	6917	6918	6919	6920	6921	6922	6923	6924	6925	6926	6927	6928	6929	6930	6931	6932	6933	6934	6935	6936	6937	6938	6939	6940	6941	6942	6943	6944	6945	6946	6947	6948	6949	6950	6951	6952	6953	6954	6955	6956	6957	6958	6959	6960	6961	6962
M01012_HNF-3	6963	6964	6965	6966	6967	6968	6969	6970	6971	6972	6973	6974	6975	6976	6977	6978	6979	6980	6981	6982	6983	6984	6985	6986	6987	6988	6989	6990	6991	6992	6993	6994	6995	6996	6997	6998	6999	7000	7001	7002	7003	7004	7005	7006	7007	7008	7009	7010	7011	7012	7013	7014	7015	7016	7017	7018	7019	7020	7021	7022	7023	7024
M01013_IPF1	7025	7026	7027	7028	7029	7030	7031	7032	7033	7034	7035	7036	7037	7038	7039	7040
M01014_Sox10	7041	7042	7043	7044	7045	7046
M01017_Pbx1	7047	7048	7049	7050	7051	7052	7053	7054	7055	7056	7057	7058	7059	7060	7061	7062	7063	7064	7065	7066	7067	7068	7069	7070	7071	7072	7073	7074	7075	7076
M01022_LEF-1	7077	7078	7080	7081	7082	7083	7084	7085	7086	7087	7088	7089	7091	7092	7093	7094	7095	7096	7097	7098	7099
M01023_HSF1	7100	7101	7102	7103	7104	7105	7106	7107	7108	7109	7110
M01028_NRSF	7111	7112	7113	7114	7115	7116	7117	7118	7119	7120	7121	7122	7123	7124
M01029_MITF	7125	7127	7130	7131	7132	7134	7136	7137	7138	7140	7141	7143	7147
M01031_HNF-4	7153	7154	7155	7156	7157	7158	7159	7160	7161	7162	7163	7164	7165	7166	7167	7168	7169	7170	7171	7172	7173	7174	7175	7176	7177	7178	7179	7180	7181	7182	7183	7184	7185	7186	7187	7188	7189	7190	7191	7192	7193	7194	7195	7196	7197	7198	7199	7200	7201	7202	7203	7204	7205	7206	7207	7208	7209	7210
M01034_ALF1A	7336	7338	7340	7343	7345	7346	7350	7357	7360	7363	7366	7367	7370	7374	7375	7376	7378	7379	7380	7382	7383	7384	7385	7386	7387	7388	7390	7391	7392	7394	7396	7397	7399	7400	7401	7402	7403	7405	7406	7410	7411	7413	7414	7415	7416	7417	7418	7419	7420	7421	7422	7423	7424	7425	7426	7430	7432	7433	7434	7435	7436	7437	7438	7439	7440	7441	7443
M01035_factor_delta	7454	7455	7457	7458	7459	7460	7464	7465	7466	7467	7468	7469	7470	7471	7472	7473	7474	7475	7478
M01036_COUP	7479	7480	7481	7482	7483	7484	7485	7486	7487	7488	7489	7490	7491	7492	7493	7494	7495	7496	7497	7498	7499	7500	7501	7502	7503	7504
M01037_GLI1	7505	7506	7507	7508	7509	7510	7511	7512	7513	7514	7515	7516	7517	7518	7519
M01043_Nkx2-5	7520	7521	7522	7523	7524	7526	7527	7528	7529	7530	7531	7532
M01044_Tbx5	7533	7535	7536	7537	7538	7539	7540
M01045_AP-2alphaA	7572	7573	7574	7575	7576	7577	7578	7579	7580	7581	7582	7583	7584	7585	7586	7587	7588	7589	7590	7591	7592	7593	7594	7595	7596	7597	7598	7599	7600	7601	7602	7603	7604	7605	7606	7607	7608	7609	7610