MA0002	1	2	4	6	8	9	10	11	12	15	18	19	20	21	22	23	24	26	27	28	29	30	31	32	33	34	35	36	37	38
MA0004	39	54	58
MA0006	67	78	80	81	82
MA0007	83	84	85	86	87	88	89	90	91	92	93	94	95	96	97	98	99	100	101	102	103	104	105	106
MA0009	107	126	129	130	134	135	136	140	141	143	144	145	146
MA0014	147	148	149	150	151	152	153	154	155	156	157	158
MA0017	159	161	162	163	164	165	166	167	168	169	170	171
MA0018	172	173	174	175	176	177	178	179	180	181	182	183	184	185	186	187
MA0019	188	189	190	191	192	193	194	195	196	197	199	201	202	203	204	205	206	207	208	209	210	211	212	213	214	215	216	217	218	219	221	222	223	224	225	226
MA0024	227	231	234	235	236
MA0025	237	238	240	241	242	244	245	246	247	248	249	250	251	252	253	254	255	256	257	258	259
MA0027	260	261	262	263	264	265	266	267	268	269
MA0028	270	271	272	273	274	275	276	277	278	279	280	281	282	283	284	285	286	287	288	289	290	291	292	293	294	295	296	297
MA0029	298	299	300	301	302	304	305	306	307	308	309	310	311	312	313	314	315	316	317	318	319	320	321	322	323	324
MA0031	345	352	357	359	360	361	362	363	364
MA0036	365	366	376	385	386	393	396	398	400	401	403	406	407	408	411	412	413	415	416	417
MA0037	418	426	430	435	442	444	446	451	453	454	456	459	461	465	466	467	469	471	472	474	475	476	477	478	479	480
MA0038	481	484	485	488	489	490	491	492	493	494	495	496	497	498	500	501	502	504	505	506	507	508	509	510	511	512	513	514	515	516	517	518	519	520	521	522	523	524	525	526	527	528	529	530	531	532	533
MA0040	534	535	536	537	538	540	541	545	546	548	549	550	551
MA0041	552	554	560	561	562	563	564	565	566	567	568	569	570	572	575	576	577	578	580	581	582	583	584	585	587	588	594	595	596	597	598
MA0043	599	600	601	602	603	604	605	606	607	608	609	610	611	612	613	614	615	616
MA0047	617	618	619	622	623	624	625	627	628	629	630	631	632	633
MA0048	634	635	638	639	640	643	645	646	649	650	652	654	655	656	657	658	659	660	661	662	663	664	665	667	668	669	670	671	672	673	674	675	676	677	678	679	680	681	682	683	684	685	686	687
MA0051	688	689	690	691	692	693	694	695	696	697	698	699
MA0052	700	722	732	735	739	741	744	747	748	749	750	751	752	753	754	755	756	757
MA0056	758	764	768	771	774	775	776	777
MA0057	778	779	780	781	782	783	784	786	787	788	789	790	791	792	793
MA0058	794	796	797	798	799	800	801	802	803	804	805	806	807	808	809	810
MA0059	811	812	815	816	817	819	820	821	822	823	824	825	826	827	828	829	830	831
MA0062	832	833	835	836	837	838
MA0063	839	840	841	843	844	847	848	849	850	851	852	853	855
MA0065	856	857	858	860	861	862	863	864	865	866	867	868	869	870	871	872	873	874	875	876	877	878	879	880	881	882	883	884	885	886	887	888	889	890	891	892	893	894	895	896
MA0066	897	898	899	900	902	903	904	905	906	907	908	909	910	911	912	913	914	915	916	917	918	919	920	921	922	923	924
MA0067	925	926	930	931	933	934	935	936	937	938	939	940	941	942	943	944	945	946	947	948	949	950	951	952	953	954	955
MA0069	956	961	965	966	967	968	969	970	971	972	973	975	976	977	978	979	981	982	983	985	986	987	988	989	990	991	992	993	994	995	996	997	998
MA0070	999	1000	1001	1003	1004	1005	1006	1007	1008	1009	1010	1011	1012	1013	1014	1015	1016
MA0071	1017	1018	1019	1020	1021	1022	1023	1024	1025	1026	1027	1028	1029	1030	1031	1032	1035	1036	1037	1038	1039	1040	1041
MA0072	1042	1044	1045	1046	1047	1048	1049	1050	1051	1053	1054	1055	1056	1057	1058	1059	1060	1061	1062	1063	1064	1065	1066	1067	1068	1069	1070	1071	1072	1073	1074	1075	1076	1077
MA0073	1078	1079	1080	1081	1082	1083	1084	1085	1086	1087	1088
MA0074	1089	1090	1091	1092	1093	1094	1095	1096	1097	1098
MA0075	1099	1151	1154	1156	1157
MA0076	1158	1164	1166	1169	1170	1171	1172	1173	1174	1175	1176	1177
MA0077	1178	1191	1194	1198	1199	1202	1203	1212	1213	1215	1216	1217	1218	1219	1220	1221	1222	1223	1224	1225	1226	1227	1228	1229	1230	1231	1232	1233	1234	1235	1236	1237	1238	1239	1240	1241	1242	1243	1244	1245	1246	1247	1248	1249	1250	1251	1252	1253
MA0078	1254	1256	1259	1260	1262	1263	1266	1267	1268	1269	1270	1271	1272	1273	1274	1275	1276	1277	1278	1279	1280	1281	1282	1283	1284
MA0079	1285	1286	1287	1288	1289	1290	1291	1292
MA0080	1293	1299	1310	1314	1325	1330	1336	1337	1338	1339	1340	1341	1342	1343	1344	1345	1346	1347	1348	1349
MA0081	1350	1355	1356	1361	1363	1368	1374	1383	1385	1388	1390	1391	1392	1393	1394	1395	1396	1397	1398
MA0083	1399	1407	1414	1419	1423	1428	1430	1432	1433	1434	1435	1436	1437	1438	1439	1440	1441	1442	1443	1444
MA0084	1445	1446	1447	1448	1450	1451	1452	1453	1454	1455	1456	1457	1458	1459	1460	1461	1462	1464	1465	1467	1468	1469	1470	1471	1472
MA0087	1473	1477	1484	1485	1491	1492	1493	1494	1495
MA0091	1496	1497	1498	1499	1500	1501	1502	1503	1504	1505	1506	1507	1508	1509	1510	1511	1512	1513	1514	1516	1517	1518	1520	1521	1522	1523	1525	1526	1528	1529	1530	1531	1532	1533	1534	1535	1536	1537	1538	1539
MA0092	1540	1541	1543	1544	1546	1547	1548	1549	1550	1551	1552	1553	1554	1555	1556	1557	1558	1559	1560	1561	1562	1563	1564	1565	1566	1567	1568
MA0093	1569	1581	1587	1592	1594	1595	1596	1597	1598
MA0095	1599	1604	1605	1606	1607	1609	1611	1612	1614	1615
MA0101	1616	1617	1618	1619	1620	1621	1622	1623	1624	1625	1626	1627	1628	1629	1630	1631	1632
MA0104	1657	1659	1661	1663
MA0105	1664	1668	1671	1672	1675	1676	1677	1678	1679	1680	1681
MA0106	1682	1684	1685	1686	1687	1688	1689	1690	1691	1692	1693	1694	1695	1696	1697	1698
MA0107	1702	1704	1705	1706	1707	1708	1709	1711	1712	1713	1714	1715	